Seq

DS1

28.91422


DS2

120.765491



2Workers

1, 4000

1.421

1.393

1.426





1, 15000

21.800

21.643

21.641



{1, 4000, 4}

0.842

0.855

0.862


{1, 15000, 6}

9.513

9.490

9.698






DS1

1
28.436
28.112
28.760


2
22.453
21.637
21.650


4
13.170
13.429
13.276


8
7.374
7.383
7.334


16
3.836
4.157
4.105


32
2.275
2.315
2.323


48
1.957
1.969
1.926


64
1.830
1.849
1.721


DS2
1
120.623
119.989

2
91.355
91.353
91.608


4
55.722
55.137
55.737

8
30.922
30.981
30.790


16
16.458
16.293
16.426

32
9.357
9.703
9.584

48
7.824
7.872
7.791


64
7.214
7.245
7.266


DS3

8 
132.557
132.396
131.836


16
70.274
70.167
70.734


32
40.847
41.123
41.287

48
33.312
33.950
33.811

64
30.815
30.872
30.883


